((("kbd" .
   [1 0 0])
  ("evil-normal-state-map" .
   [0 0 0 0 0 2 0 0 0 0 0 0 0 0 0 0 0 0 0 0 0])
  ("define-key" .
   [1 0 0 0 1 0 0 0 0 0])
  ("global-evil-leader-mode" .
   [0 0 0 1 0 0 0 0 0 0 0 0 0 0 0 0 0 0 0 0 0 0 0])
  ("bar" .
   [2 0 0])
  ("evil" .
   [1 0 1 2])
  ("dfs_siz" .
   [0 0 0 0 1 0 0])
  ("vis" .
   [1 0 0])
  ("flycheck" .
   [0 0 1 0 0 0 0 0])
  ("clear" .
   [0 0 1 0 0])
  ("V_tree" .
   [0 0 4 0 0 0])
  ("dfs" .
   [1 0 1])
  ("n" .
   [1])
  ("comp" .
   [1 0 0 0])
  ("node" .
   [9 0 0 0])
  ("is_key" .
   [0 0 2 1 0 0])
  ("lca" .
   [5 0 1])
  ("dfs1" .
   [2 0 0 0])
  ("min_n" .
   [4 0 0 1 1])
  ("fat" .
   [3 0 0])
  ("dfn" .
   [6 0 1])
  ("dep" .
   [10 0 0])
  ("MAX_LOG" .
   [0 0 5 0 0 0 0])
  ("fa" .
   [8 0])
  ("graph" .
   [3 0 0 1 0])
  ("g" .
   [1])
  ("atom-one-dark-theme" .
   [0 0 1 0 0 0 0 0 0 0 0 0 0 0 0 0 0 0 0])
  ("std" .
   [1 0 0])
  ("solve" .
   [6 0 0 0 0])
  ("comp2" .
   [1 0 0 0 0])
  ("print" .
   [1 0 0 0 0])
  ("up" .
   [3 0])
  ("p" .
   [1])
  ("query_kth" .
   [0 0 0 0 0 0 0 1 0])
  ("opx" .
   [10 0 0])
  ("min" .
   [8 0 0])
  ("query_nxt" .
   [3 0 0 0 0 0 1 0 0])
  ("query_pre" .
   [2 0 0 0 0 0 0 0 1])
  ("max" .
   [5 0 0])
  ("pre" .
   [3 0 0])
  ("inf" .
   [1 0 1])
  ("query_rank" .
   [0 0 0 0 0 2 1 1 0 0])
  ("i" .
   [12])
  ("query" .
   [10 0 3 3 0])
  ("rt" .
   [9 0])
  ("modify" .
   [2 0 0 3 2 0])
  ("mid" .
   [34 0 0])
  ("t" .
   [3])
  ("tree" .
   [2 0 0 0])
  ("build" .
   [3 0 4 1 1])
  ("segment" .
   [0 0 0 0 0 2 0])
  ("seg" .
   [8 0 0])
  ("struct" .
   [0 0 0 2 0 0])
  ("nex" .
   [3 0 0])
  ("k_th" .
   [1 0 0 0])
  ("v" .
   [2])
  ("rank" .
   [4 0 0 0])
  ("rs" .
   [8 0])
  ("ls" .
   [17 0])
  ("remove" .
   [4 0 0 0 0 0])
  ("rotate" .
   [2 0 0 0 1 0])
  ("insert" .
   [0 0 0 1 2 0])
  ("ctime" .
   [1 0 0 0 0])
  ("cstdlib" .
   [1 0 0 0 0 0 1])
  ("rand" .
   [1 0 0 0])
  ("new_node" .
   [0 0 0 0 1 0 0 0])
  ("note" .
   [5 0 0 0])
  ("siz" .
   [12 0 0])
  ("size" .
   [0 0 0 1])
  ("rd" .
   [4 0])
  ("val" .
   [50 0 0])
  ("ch" .
   [3 0])
  ("treap" .
   [5 0 0 1 1])
  ("cstring" .
   [1 0 0 0 1 0 0])
  ("ios" .
   [0 0 1])
  ("auto-complete-c-headers" .
   [0 0 0 0 1 0 0 0 0 0 0 0 0 0 0 0 0 0 0 0 0 0 0])
  ("company-c-headers" .
   [0 0 0 1 1 0 0 0 0 0 0 0 0 0 0 0 0])
  ("c++-mode-common-hook" .
   [0 0 1 0 0 0 0 0 0 0 0 0 0 0 0 0 0 0 0 0])
  ("add-hook" .
   [0 0 0 0 1 0 0 0])
  ("res" .
   [10 0 0])
  ("fib" .
   [1 0 0])
  ("matrix" .
   [0 0 1 2 1 0])
  ("mar" .
   [3 0 0])
  ("hello-world" .
   [0 0 0 0 0 0 1 0 0 0 0])
  ("name" .
   [1 0 0 0])
  ("main" .
   [1 0 0 0])
  ("namespace" .
   [0 0 3 1 4 2 0 0 0])
  ("algorithm" .
   [1 0 2 0 0 0 0 0 0])
  ("cstdio" .
   [1 0 2 0 1 0])
  ("iostream" .
   [3 0 0 0 1 0 0 0])
  ("fabs" .
   [2 0 0 0])
  ("re" .
   [1 0])
  ("a" .
   [1])
  ("cmpy" .
   [1 0 0 0])
  ("ans" .
   [25 0 0])
  ("cmpx" .
   [0 0 0 1])
  ("sort" .
   [4 1 0 1])
  ("return" .
   [0 0 0 0 1 1])
  ("point" .
   [2 0 2 0 0])
  ("same_x" .
   [3 0 0 0 0 0])
  ("same_y" .
   [1 0 0 5 0 0])
  ("u" .
   [1])
  ("dcmp" .
   [1 0 0 0])
  ("sta" .
   [14 0 0])
  ("s" .
   [3])
  ("printf" .
   [22 0 4 1 0 0])
  ("top" .
   [20 0 0])
  ("inline" .
   [0 0 0 2 2 1])
  ("cnt" .
   [19 0 0])
  ("next" .
   [0 0 2 0])
  ("head" .
   [7 0 0 0])
  ("read" .
   [55 0 0 0])
  ("add" .
   [11 0 0])
  ("include" .
   [0 0 2 8 0 1 0])
  ("getchar" .
   [1 0 3 1 0 0 0])
  ("sum" .
   [10 0 0])
  ("while" .
   [0 0 1 1 1])
  ("flag" .
   [3 0 0 0])
  ("open-init-file" .
   [0 0 0 0 1 0 0 0 0 0 0 0 0 0])
  ("mycompile" .
   [0 0 1 0 0 0 0 0 0])
  ("load" .
   [1 0 0 0])
  ("global-set-key" .
   [0 0 0 1 0 0 0 0 0 0 0 0 0 0])
  ("setq" .
   [0 0 3 2])
  ("limit" .
   [5 0 5 1 1])
  ("rec" .
   [2 0 0])
  ("complex" .
   [0 0 0 2 6 0 1])
  ("FFT" .
   [6 0 1])
  ("swap" .
   [2 0 0 0])
  ("r" .
   [4])
  ("Wn" .
   [2 0])
  ("cos" .
   [1 0 0])
  ("type" .
   [0 0 1 0])
  ("sin" .
   [1 0 0])
  ("f" .
   [4])
  ("init" .
   [4 0 0 0])
  ("plan9" .
   [1 0 0 0 0])
  ("dracula-theme" .
   [0 0 0 0 1 0 0 0 0 0 0 0 0])
  ("sub1" .
   [4 0 0 0])
  ("in" .
   [3 0])
  ("calc" .
   [0 0 2 0])
  ("sub2" .
   [1 0 0 0])
  ("comp1" .
   [1 0 0 0 0])
  ("gcd" .
   [3 0 0])
  ("qwq" .
   [2 0 0])
  ("vector" .
   [0 1 0 0 0 0])
  ("queue" .
   [1 0 0 0 0])
  ("push" .
   [1 0 0 0])
  ("push_back" .
   [0 0 0 0 1 1 0 0 0])
  ("data" .
   [0 0 2 0])
  ("const" .
   [0 0 0 1 0])
  ("check" .
   [0 0 0 2 0])
  ("bool" .
   [0 0 1 0])
  ("memset" .
   [1 0 0 1 0 0])
  ("sizeof" .
   [0 0 1 0 0 0])
  ("add_edge" .
   [0 0 0 0 2 0 0 0])
  ("id" .
   [2 0])
  ("mycompile-gdb" .
   [0 0 1 0 0 0 0 0 0 0 0 0 0])
  ("spacemacs-theme" .
   [1 0 0 0 0 0 0 0 0 0 1 0 0 0 0])
  ("last" .
   [6 0 7 1])
  ("find" .
   [5 0 0 0])
  ("last_ans" .
   [1 0 0 0 0 6 0 0])
  ("f2" .
   [2 0])
  ("f1" .
   [2 0])
  ("continue" .
   [0 0 0 0 0 1 0 0])
  ("evil-leader" .
   [0 0 0 0 0 0 1 0 0 0 0])
  ("find-file" .
   [0 0 0 0 1 0 0 0 0])
  ("evil-leader/set-key" .
   [0 0 1 0 0 0 0 0 0 0 0 0 0 0 0 0 0 0 0])
  ("switch-to-buffer" .
   [0 0 1 0 0 0 0 0 0 0 0 0 0 0 0 0])))
